11 11
10 8 5 42 13 26 3 44 44 21 42 
8 43 18 4 35 39 37 6 45 47 28 
7 12 3 41 24 37 25 40 13 30 33 
38 29 44 21 30 25 37 29 23 8 26 
2 44 34 28 49 33 3 5 27 7 30 
18 4 44 31 18 8 6 19 5 17 19 
4 30 3 43 40 43 19 36 12 39 2 
45 43 47 22 6 14 27 46 46 45 13 
42 10 12 20 14 37 33 20 30 15 21 
17 34 18 48 1 44 33 36 28 22 38 
6 2 32 47 17 37 26 35 45 31 14 

11 17
1 17 36 18 23 31 41 10 12 1 45 6 3 5 13 21 23 
1 35 1 34 37 7 40 8 22 42 31 15 38 7 47 14 30 
34 43 37 3 8 22 28 44 31 24 4 10 19 32 31 17 12 
22 26 15 38 7 17 22 37 4 22 16 38 5 47 21 8 17 
49 6 44 7 38 19 29 25 12 45 43 37 8 2 23 46 40 
9 1 44 9 6 42 35 14 28 13 10 39 26 21 1 23 16 
39 17 37 26 16 14 4 12 1 20 36 16 18 44 8 47 6 
11 45 43 32 41 9 16 36 32 40 11 21 39 26 21 47 47 
17 3 9 35 30 48 37 45 6 42 42 2 34 32 30 26 12 
43 29 38 4 15 7 6 27 45 24 7 16 42 43 32 33 46 
32 43 10 17 30 29 25 8 27 13 35 9 5 20 29 27 24 

